-------------------------- resemblance --------------------
real res =1.0 estimated res =1.0-------------------------- container --------------------
SolutionContainer(problemContainer=ProblemContainer(problem=Problem(poligons=[Polygon(vertices=[-49/122,-71/122, 71/122,-49/122, 49/122,71/122, -71/122,49/122])], skeleton=[Edge(a=-49/122,-71/122, b=71/122,-49/122), Edge(a=-49/122,-71/122, b=-71/122,49/122), Edge(a=71/122,-49/122, b=49/122,71/122), Edge(a=-71/122,49/122, b=49/122,71/122)], rawString=1
4
-49/122,-71/122
71/122,-49/122
49/122,71/122
-71/122,49/122
4
-49/122,-71/122 71/122,-49/122
-49/122,-71/122 -71/122,49/122
71/122,-49/122 49/122,71/122
-71/122,49/122 49/122,71/122
), problemId=965, problemHash=), state=(name = ( ->  ->  -> Square -> Translate (-1/2,-1/2) -> Rotate(0,0, <(60, 11, 61)>)))icfp16.state.State@1e867f20, realResemblance=1.0, estimatedResemblance=1.0)
-------------------------- solution --------------------
4
0,0
0,1
1,1
1,0
1
4 0 1 2 3
-49/122,-71/122
-71/122,49/122
49/122,71/122
71/122,-49/122