-------------------------- resemblance --------------------
real res =1.0 estimated res =1.0-------------------------- container --------------------
SolutionContainer(problemContainer=ProblemContainer(problem=Problem(poligons=[Polygon(vertices=[19320908209735322624210/1939869488924013933,333774462228833923764587/66884455993322001177, 96612300526632309176782/9699347444620069665,1669072964512149584826466/334422279966610005885, 96606480918165537134983/9699347444620069665,1669340502336122872831174/334422279966610005885, 96598721440209841079251/9699347444620069665,1669139848968142906827643/334422279966610005885])], skeleton=[Edge(a=19320908209735322624210/1939869488924013933,333774462228833923764587/66884455993322001177, b=96612300526632309176782/9699347444620069665,1669072964512149584826466/334422279966610005885), Edge(a=96598721440209841079251/9699347444620069665,1669139848968142906827643/334422279966610005885, b=96606480918165537134983/9699347444620069665,1669340502336122872831174/334422279966610005885), Edge(a=19320908209735322624210/1939869488924013933,333774462228833923764587/66884455993322001177, b=96598721440209841079251/9699347444620069665,1669139848968142906827643/334422279966610005885), Edge(a=96612300526632309176782/9699347444620069665,1669072964512149584826466/334422279966610005885, b=96606480918165537134983/9699347444620069665,1669340502336122872831174/334422279966610005885)], rawString=1
4
19320908209735322624210/1939869488924013933,333774462228833923764587/66884455993322001177
96612300526632309176782/9699347444620069665,1669072964512149584826466/334422279966610005885
96606480918165537134983/9699347444620069665,1669340502336122872831174/334422279966610005885
96598721440209841079251/9699347444620069665,1669139848968142906827643/334422279966610005885
4
19320908209735322624210/1939869488924013933,333774462228833923764587/66884455993322001177 96612300526632309176782/9699347444620069665,1669072964512149584826466/334422279966610005885
96598721440209841079251/9699347444620069665,1669139848968142906827643/334422279966610005885 96606480918165537134983/9699347444620069665,1669340502336122872831174/334422279966610005885
19320908209735322624210/1939869488924013933,333774462228833923764587/66884455993322001177 96598721440209841079251/9699347444620069665,1669139848968142906827643/334422279966610005885
96612300526632309176782/9699347444620069665,1669072964512149584826466/334422279966610005885 96606480918165537134983/9699347444620069665,1669340502336122872831174/334422279966610005885
), problemId=581, problemHash=), state=State(vertexes=[0,0, 0,1, 1,1, 1,0], facets=[4 0 1 2 3], finalPositions=[19320908209735322624210/1939869488924013933,333774462228833923764587/66884455993322001177, 96598721440209841079251/9699347444620069665,1669139848968142906827643/334422279966610005885, 96606480918165537134983/9699347444620069665,1669340502336122872831174/334422279966610005885, 96612300526632309176782/9699347444620069665,1669072964512149584826466/334422279966610005885]), realResemblance=1.0, estimatedResemblance=1.0)
-------------------------- solution --------------------
4
0,0
0,1
1,1
1,0
1
4 0 1 2 3
19320908209735322624210/1939869488924013933,333774462228833923764587/66884455993322001177
96598721440209841079251/9699347444620069665,1669139848968142906827643/334422279966610005885
96606480918165537134983/9699347444620069665,1669340502336122872831174/334422279966610005885
96612300526632309176782/9699347444620069665,1669072964512149584826466/334422279966610005885