-------------------------- resemblance --------------------
real res =1.0 estimated res =1.0-------------------------- container --------------------
SolutionContainer(problemContainer=ProblemContainer(problem=Problem(poligons=[Polygon(vertices=[14000,-16341, 70003/5,-81701/5, 69999/5,-81698/5, 69996/5,-81702/5])], skeleton=[Edge(a=14000,-16341, b=70003/5,-81701/5), Edge(a=69996/5,-81702/5, b=69999/5,-81698/5), Edge(a=14000,-16341, b=69996/5,-81702/5), Edge(a=70003/5,-81701/5, b=69999/5,-81698/5)], rawString=1
4
14000,-16341
70003/5,-81701/5
69999/5,-81698/5
69996/5,-81702/5
4
14000,-16341 70003/5,-81701/5
69996/5,-81702/5 69999/5,-81698/5
14000,-16341 69996/5,-81702/5
70003/5,-81701/5 69999/5,-81698/5
), problemId=2115, problemHash=), state=State(vertexes=[0,0, 0,1, 1,1, 1,0], facets=[4 0 1 2 3], finalPositions=[14000,-16341, 69996/5,-81702/5, 69999/5,-81698/5, 70003/5,-81701/5]), realResemblance=1.0, estimatedResemblance=1.0)
-------------------------- solution --------------------
4
0,0
0,1
1,1
1,0
1
4 0 1 2 3
14000,-16341
69996/5,-81702/5
69999/5,-81698/5
70003/5,-81701/5