-------------------------- resemblance --------------------
real res =1.0 estimated res =1.0-------------------------- container --------------------
SolutionContainer(problemContainer=ProblemContainer(problem=Problem(poligons=[Polygon(vertices=[-41/178,-119/178, 119/178,-41/178, 41/178,119/178, -119/178,41/178])], skeleton=[Edge(a=-41/178,-119/178, b=119/178,-41/178), Edge(a=-41/178,-119/178, b=-119/178,41/178), Edge(a=119/178,-41/178, b=41/178,119/178), Edge(a=-119/178,41/178, b=41/178,119/178)], rawString=1
4
-41/178,-119/178
119/178,-41/178
41/178,119/178
-119/178,41/178
4
-41/178,-119/178 119/178,-41/178
-41/178,-119/178 -119/178,41/178
119/178,-41/178 41/178,119/178
-119/178,41/178 41/178,119/178
), problemId=976, problemHash=97b0eb9dcb75384d7061d88eceb8323686c6e4b4), state=(name = ( ->  -> Square -> Translate (-1/2,-1/2) -> Rotate(0,0, <(80, 39, 89)>)))icfp16.state.State@2a285720, realResemblance=1.0, estimatedResemblance=1.0)
-------------------------- solution --------------------
4
0,0
0,1
1,1
1,0
1
4 0 1 2 3
-41/178,-119/178
-119/178,41/178
41/178,119/178
119/178,-41/178